 *** Out of loop ***
GtG:
[[ 0.04607639 -0.02806316 -0.0099198  -0.21924975]
 [-0.02806316  0.12283801  0.07061664  0.77380046]
 [-0.0099198   0.07061664  0.04814402  0.45341156]
 [-0.21924975  0.77380046  0.45341156  5.        ]]
invGtG
[[  74.77537114 -128.079431    -97.86100681   31.97474318]
 [-128.079431    546.5862879   146.82688485 -103.52062226]
 [ -97.86100681  146.82688485  271.69137588  -51.65174455]
 [  31.97474318 -103.52062226  -51.65174455   22.30685153]]
di
[ 2.99752868  4.37997664  5.81202094 10.17587567  9.29859808]
ts
[ 2.98   4.409  5.817 10.184  9.274]
di - ts
[ 0.01752868 -0.02902336 -0.00497906 -0.00812433  0.02459808]
(di-ts)^2
[3.07254725e-04 8.42355712e-04 2.47910637e-05 6.60048155e-05
 6.05065541e-04]
sigma^2
0.0018454718572875897
cov
[[ 0.13799584 -0.23636699 -0.18059973  0.05900849]
 [-0.23636699  1.00870961  0.27096488 -0.1910444 ]
 [-0.18059973  0.27096488  0.50139879 -0.09532184]
 [ 0.05900849 -0.1910444  -0.09532184  0.04116667]]
mi
[ 0.21607921  0.71427648 12.59042109 -0.59416352]